10
30
214
467
276
43
17
146
267
267
363
428
109
49
520
489
411
538
483
83
29
772
534
604
575
3
77
16
560
601
578
501
124
41
754
621
569
494
529
162
57
147
552
410
495
462
56
15
550
5
515
436
424
80
35
623
587
642
501
523
69
544
467
409
460
379
58
18
82
481
503
477
428
66
24
629
443
527
495
391
83
28
554
549
483
499
409
6
21
563
518
489
344
441
87
31
5
498
467
521
450
156
73
179
700
669
578
650
160
39
748
584
652
647
534
95
29
552
573
6
533
512
112
42
569
548
551
566
572
95
25
609
687
447
640
509
89
22
319
599
586
607
591
97
29
631
641
575
519
514
8
34
666
632
568
524
545
124
37
598
651
578
593
458
146
78
816
763
590
619
600
2
60
819
692
588
502
570
147
57
0
188
547
606
617
124
65
0
695
550
663
588
1
26
793
690
681
635
541
125
53
799
715
646
599
565
140
25
784
633
654
616
602
170
60
663
779
722
545
552
115
43
797
726
718
785
663
121
43
927
715
736
838
759
9
28
849
842
832
699
800
6
64
894
953
761
628
607
128
16
803
827
848
866
562
79
21
686
710
696
796
692
7
50
811
757
683
673
692
74
24
748
622
632
676
565
76
40
841
759
627
714
166
52
14
697
706
687
592
608
37
15
808
704
743
644
630
118
50
818
776
807
719
680
65
31
814
730
705
760
674
84
47
792
818
802
635
645
58
26
803
906
911
787
766
37
12
218
1002
897
752
733
64

780
873
787
885
710
1
40
978