10
30
214
467
276
43
17
146
267
267
363
428
109
49
520
489
411
538
483
83
29
772
534
604
575
3
77
16
560
601
578
501
124
41
754
621
569
494
529
162
57
147
552
410
495
462
56
15
550
5
515
436
424
80
35
623
587
642
501
523
69
544
467
409
460
379
58
18
82
481
503
477
428
66
24
629
443
527
495
391
83
28
554
549
483
499
409
6
21
563
518
489
344
441
87
31
5
498
467
521
450
156
73
179
700
669
578
650
160
39
748
584
652
647
534
95
29
552
573
6
533
512
112
42
569
548
551
566
572
95
25
609
687
447
640
509
89
22
319
599
586
607
591
97
29
631
641
575
519
514
8
34
666
632
568
524
545
124
37
598
651
578
593
458
146
78
816
763
590
619
600
2
60
819
692
588
502
570
147
57
0
188
547
606
617
124
65
0
695
550
663
588
1
26
793
690
681
635
541
125
53
799
715
646
599
565
140
25
784
633
654
616
602
170
60
663
779
722
545
552
115
43
797
726
718
785
663
121
43
927
715
736
838
759
9
28
849
842
832
699
800
6
64
894
953
761
628
607
128
16
803
827
848
866
562
79
21
686
710
696
796
692
7
50
811
757
683
673
692
74
24
748
622
632
676
565
76
40
841
759
627
714
166
52
14
697
706
687
592
608
37
15
808
704
743
644
630
118
50
818
776
807
719
680
65
31
814
730
705
760
674
84
47
792
818
802
635
645
58
26
803
906
911
787
766
37
12
218
1002
897
752
733
64

780
873
787
885
710
1
40
978
1009
945
842
846
114
32
1007
1060
801
837
788
83
33
990
824
901
743
669
9
74
935
821
691
748
90
21
199
974
654
739
601
90
41
984
879
832
747
709
142
54
835
796
741
695
749
142
25
845
684
708
659
547
83
42
707
655
696
701
561
106
32
249
735
757
697
681
171
63
840
760
812
693
685
203
2
832
726
790
576
547
7
68
725
709
616
551
644
117
42
101
718
720
609
699
97
39
891
788
659
614
665
109
57
807
656
707
618
714
151
62
728
699
650
676
581
126
68
770
821
748
752
706
111
43
209
947
799
785
672
169
75
974
819
771
722
722
100
34
904
835
872
748
707
149
57
901
859
747
706
737
167
51
1108
951
838
729
708
204
92
487
816
909
786
844
203
49
1033
951
831
748
748
7
18
954
860
834
798
642
198
65
944
726
870
725
655
7
24
938
891
767
795
556
166
50
1104
863
791
866
797
186
59
518
197
239
874
904
231
1
755
354
984
1075
1034
205
98
37
1183
1081
957
860
239
97
1188
1029
754
915
815
166
52
1153
1070
989
854
801
145
61
1231
1056
979
979
853
122
43
96
980
986
1079
9
189
47
1141
1211
1056
835
845
178
71
968
17
982
1031
834
207
76
1198
1025
1165
1067
1072
233
100
1240
1003
944
1073
1057
243
77
78
1288
1096
11
10
254
80
1454
1206
1205
1226
332
204
84
1015
09
1247
1248
1157
286
122
49
40
1142
1123
1151
203
78
1484
1245
1012
1103
942
107
44
1223
1159
1104
1044
998
195
70
50
1176
1296
1094
1009
188
32
81
1191
1012
1140
998
164
103
58
1128
1016
1029
907
129
39
1170
984
940
733
932
108
40
343
1075
940
1056
781
142
69
838
744
842
795
833
86
44
987
937
767
840
727
106
45
857
828
805
879
949
117
24
850
883
868
958
837
147
38
1151
936
1053
844
938
129
40
888
209
1116
979
777
118
21
1066
889
876
807
777
157
50
980
897
821
934
873
159
57
17
1029
869
929
911
154
79
938
985
991
953
844
117
53
354
1071
955
876
895
86
21
1141
912
875
726
798
141
43
1073
1042
991
986
854
161
45
1077
884
925
1066
864
168
33
178
1079
1082
852
843
179
52
1182
987
937
744
806
189
49
1021
1045
827
	736
955
207
107
1177
886
870
902
969
208
68
